17:37:28
[347, 6]
17:39:23
[317, 8]
17:41:00
[257, 2]
17:42:25
[757, 12]
17:46:38
[245, 4]
17:47:57
[88, 0]
17:48:26
[323, 4]
17:50:17
[368, 6]
17:52:20
[773, 6]
17:56:53
[235, 3]
17:58:10
[569, 0]
18:01:17
[345, 6]
18:03:15
[297, 1]
18:05:05
[419, 3]
18:07:23
[727, 14]
18:11:20
[147, 6]
18:12:10
[805, 10]
18:16:32
[408, 5]
18:18:43
[543, 2]
18:21:33
[189, 1]
18:22:34
[234, 7]
18:23:50
[1573, 8]
18:32:08
[396, 7]
18:34:15
[228, 9]
18:35:31
[271, 1]
18:36:56
[325, 2]
18:38:40
[1050, 6]
18:44:13
[215, 3]
18:45:22
[280, 1]
18:46:49
[418, 5]
18:49:02
[265, 3]
18:50:27
[257, 5]
18:51:50
[295, 3]
18:53:23
[364, 1]
18:55:18
[359, 3]
18:57:11
[354, 2]
18:59:04
[379, 3]
19:01:03
[472, 2]
19:03:31
[240, 7]
19:04:49
[426, 10]
19:07:06
[273, 10]
19:08:37
[693, 11]
19:12:21
[836, 2]
19:16:44
[324, 1]
19:18:27
[954, 8]
19:23:29
[588, 11]
19:26:37
[313, 2]
19:28:16
[192, 4]
19:29:18
[367, 1]
19:31:14
[144, 2]
114.780969
97.37902
84.617125
252.884852
79.497958
29.12582
110.298406
123.63649
272.873636
77.276731
186.110689
118.329322
110.471134
138.031753
237.019781
49.665699
261.718192
131.105574
170.498968
60.092767
76.89836
498.020024
126.881096
76.033883
84.890472
103.826021
332.902049
68.804119
87.380823
133.108817
84.79112
82.654069
93.38126
114.684037
113.739312
112.088712
119.059793
148.14138
77.980428
137.487534
90.776111
224.436068
262.898964
102.413154
301.917708
188.346691
98.909056
61.803962
115.795287
46.869016
