16:49:09
[136, 5]
16:49:55
[138, 8]
16:50:41
[118, 3]
16:51:19
[82, 3]
16:51:48
[72, 5]
16:52:16
[146, 6]
16:53:11
[148, 4]
16:54:01
[334, 7]
16:55:53
[80, 6]
16:56:21
[205, 9]
16:57:27
[208, 3]
16:58:33
[205, 8]
16:59:41
[74, 2]
17:00:07
[106, 8]
17:00:45
[193, 7]
17:01:48
[188, 8]
17:02:51
[180, 12]
17:03:52
[180, 4]
17:04:49
[94, 9]
17:05:23
[163, 4]
17:06:16
[143, 6]
17:07:03
[114, 6]
17:07:42
[60, 1]
17:08:03
[141, 7]
17:08:50
[83, 0]
17:09:17
[279, 10]
17:10:47
[108, 4]
17:11:29
[184, 5]
17:12:43
[125, 4]
17:13:25
[140, 0]
17:14:10
[113, 3]
17:14:47
[116, 1]
17:15:25
[119, 3]
17:16:03
[116, 10]
17:16:43
[176, 7]
17:17:41
[155, 4]
17:18:31
[162, 4]
17:19:23
[98, 7]
17:19:58
[273, 14]
17:21:28
[154, 10]
17:22:21
[232, 6]
17:23:34
[161, 11]
17:24:29
[142, 10]
17:25:17
[91, 0]
17:25:47
[216, 5]
17:26:56
[129, 9]
17:27:40
[139, 5]
17:28:26
[76, 3]
17:28:52
[112, 3]
17:29:29
[233, 3]
46.610391
45.501452
38.469993
29.272119
27.855014
54.934378
49.882071
112.011102
28.016591
65.441266
66.154309
68.526899
25.680949
37.904604
63.61197
62.687623
60.543075
57.713044
33.863827
52.721137
47.43554
38.437712
21.130942
46.860899
27.19065
89.900392
41.715958
74.56856
42.051438
44.358891
37.516413
37.575184
38.692999
39.988962
57.851727
49.563305
51.74414
35.87235
89.79821
52.369338
73.687636
54.444572
48.621191
29.90566
68.933896
43.956421
45.415032
26.151691
37.42208
73.31359
