18:23:58
[889, 70]
18:42:56
[1028, 130]
19:07:51
[918, 163]
19:29:31
[1028, 186]
19:53:32
[1032, 84]
20:15:50
[1030, 113]
20:38:24
[1016, 91]
21:00:16
[1034, 120]
21:22:56
[1272, 118]
21:50:08
[742, 103]
22:06:54
[898, 89]
22:26:15
[1047, 124]
22:59:10
[592, 81]
23:24:21
[1129, 90]
23:48:08
[1068, 105]
00:11:12
[943, 116]
00:32:01
[966, 101]
00:54:13
[852, 99]
01:12:44
[888, 111]
01:32:07
[729, 101]
01:48:15
[880, 83]
02:06:55
[908, 102]
02:26:45
[1305, 209]
02:56:23
[1159, 133]
03:22:02
[642, 71]
1138.353235
1495.534679
1299.033916
1441.695927
1337.674338
1353.743288
1312.320894
1359.70084
1632.453969
1006.089558
1160.771042
1974.851889
1510.969473
1427.108891
1383.995933
1249.410634
1331.299584
1111.182582
1163.651876
967.651127
1120.252398
1189.425935
1778.028828
1539.493978
843.072857
