19:59:41
[3213, 125]
22:04:41
[3701, 111]
00:24:14
[5391, 196]
12:30:56
[1998, 111]
15:16:37
[2453, 157]
16:30:01
[8779, 313]
20:37:22
[3806, 167]
22:19:02
[3397, 144]
01:02:12
[4398, 161]
13:56:19
[2000, 170]
14:49:58
[3133, 141]
16:40:30
[2158, 122]
17:41:57
[3690, 190]
19:18:48
[2981, 167]
20:51:48
[2863, 123]
22:07:20
[5636, 178]
00:34:42
[2776, 136]
01:46:43
[3656, 112]
03:20:17
[4679, 173]
05:20:57
[4325, 190]
07:13:02
[3086, 141]
08:33:03
[4847, 181]
10:38:10
[5207, 219]
13:14:30
[3877, 150]
19:30:23
[2271, 121]
7499.684112
8372.845809
43602.248623
9940.870912
4404.51076
14840.626446
6100.214444
9790.214879
46446.595137
3219.369001
6631.934466
3686.927287
5810.982674
5579.346029
4532.17852
8842.275567
4321.320879
5613.399035
7240.636799
6724.529805
4801.152323
7506.815852
9380.514005
22552.743046
3596.838221
